1	-5
2	-5
3	0.503620156657588
4	0.161063411704032
5	0.0866017352809808
6	0.0750261296595908
7	0.081856351292241
8	0.113090530356506
9	0.102608835049098
10	0.215985447130356
11	0.126403197475211
12	0.40209867264068
13	0.26877745318313
14	0.433769315734224
15	0.203344618460788
16	0.161398105645928
17	0.502805831500388
18	0.304482453975192
19	0.520840917760372
20	0.68261187684283
21	0.167022138478283
22	0.204670232468872
23	0.333574069475918
24	0.375850548047844
25	0.29650794739754
26	0.146781959195212
27	0.145187991764679
28	0.0568408041071857
29	0.180635495361634
30	0.0580716582461977
31	0
32	-5
33	0.185480036919169
34	0.491270489353175
35	0.518707525957339
36	0.254911089533296
37	0.277792527319161
38	0.41561273376476
39	0.692048678141447
40	0.413352262229776
41	0.454574138559458
42	0.359324087183308
43	0.328206413167006
44	0.287707877809525
45	0.247563381229337
46	0.167721781328136
47	0.276458963298702
48	-5
49	-5
50	0.825908218461003
51	0.200511192841919
52	0.186897139917225
53	0.557804597941838
54	0.436240340870331
55	0.366755277440897
56	0.276955078246729
57	0.132744110983205
58	0.270075731700833
59	0.276193287677462
60	0.217619149091776
61	0.0818207732203283
62	0.110541255959153
63	0.0756689733574381
64	0.173623394745512
65	0.113214033689782
66	0.152656888383572
67	0.324648025794551
68	0.300564178841292
69	0.0467660307704327
70	0.0620170832206472
71	0.335598257563218
72	2.40649738179127
73	-5
74	-5
75	0.829312819010718
76	0.60918163810586
77	0.596006912776744
78	0.753865063157414
79	0.72124103700318
80	0.473023156269395
81	0.391963023962123
82	0.424683283603899
83	0.348009116758963
84	0.392541150192401
85	0.207067036683449
86	0.345913016218978
87	0.410710351270307
88	0.574342387097541
89	0.501346433286997
90	0.332813029210104
91	0.327429202365217
92	0.302279379308575
93	0.490976094935793
94	0.36443067245523
95	0.462419558826857
96	0.439760695226154
97	-5
98	0.379928393754312
99	0.531703470589293
100	0.151183322434453
101	0.436111387600129
102	0.442695407865869
103	0.300720007969685
104	0.226157870081306
105	0.168485460513175
106	0.238500740116875
107	0.306630508231206
108	0.447638666694657
109	0.704224464827828
110	-5
111	0.604406757777622
112	0.32809269382189
113	0.59576213302476
114	-5
115	0.343139781886381
116	0.443770745851945
117	0.653860487227933
118	-5
119	1.01734222586661
120	0.559057374277032
121	0.420548395110074
122	0.49851353693672
123	0.880542444670331
124	0.721171235486941
125	0.55268157415085
126	0.556714399070477
127	0.837608336870415
128	0.421774735995254
129	0.705860237882576
130	0.509570288570375
131	0.384411522269637
132	0.323076498210666
133	0.593160995131749
134	-5
135	0.438656554767597
136	0.17523300975447
137	0.203168605932066
138	0.366504174173974
139	0.578338567965394
140	0.357019256437251
141	0.228606502898114
142	0.242771489692673
143	0.477920123171753
144	0.777714280232934
145	0.761732124062669
146	-5
147	-5
148	-5
149	1.53442338002919
150	0.6903545115602
151	0.862104021674379
152	1.53465143126744
153	0.845424194385422
154	0.337278624376478
155	0.252544213941477
156	0.526729370905681
157	0.624570446631761
158	0.227010011467745
159	0.423733809080979
160	0.344927119997438
161	0.502933697163919
162	0.657826959164876
163	0.701193489156975
164	0.828878795578778
165	0.917686292149527
166	0.148331644251399
167	0.19147820357577
168	0.430839478285988
169	0.191894121434818
170	0.0771023821268778
171	0.289356605041022
172	0.611471520557169
173	0.733917325759888
174	0.734281990357733
175	0.709013828790525
176	0.348509050222123
177	0.587458101235553
178	0.621348602468483
179	0.661784274304299
180	0.418795629310726
181	0.145775977882599
182	0.27636439167184
183	0.423779519104933
184	0.235979629980275
185	0.296568369680656
186	0.126591520203453
187	0.533515952042248
188	0.235741974132706
189	0.125777489732658
190	-5
191	0.291251821815944
192	0.31998812015607
193	0.293802077149929
194	0.254855040224141
195	0.241232661351281
196	0.303053601551561
197	0.561748103883006
198	0.592295989672128
199	0.083370959187761
200	0.157986584106234
201	0.258888698962091
202	0.233673144727317
203	0.277750667014466
204	0.397265654303833
205	0.513731236665389
206	0.673210827928824
207	0.576278724312049
208	0.354173531466536
209	0.304459465463489
210	0.570292527965312
211	1.09255268663501
212	0.672530539741971
213	0.57221012587214
214	0.257524018172306
215	0.594840768218024
216	0.550756232484102
217	0.928589537247412
218	1.0352981959557
219	0.616505967172531
220	0.571431091219355
221	0.76702674856474
222	0.265224447301661
223	0.891744463705081
224	0.0675844568164126
225	0.171745639581686
226	0.257961054783661
227	0.238789450943516
228	-5
229	0.224618732104209
230	-5
231	0.295660470511654
232	0.213267917901675
233	0.471286900839225
234	0.297791901675252
235	0.0832454824667366
236	0.469006599526055
237	0.320678285515396
238	0.431603029063879
239	0.509284083000313
240	0.451032239611822
241	0.14691242152666
242	0.135553632819678
243	0.376165618384049
244	0.522986656374653
245	0.441689798288289
246	0.651909618199028
247	0.193879413609093
248	0.264992409844427
249	0.46891082347076
250	0.352243325305463
251	0.133160948955151
252	0.225206205650176
253	0.291941034529863
254	0.098812726287072
255	0.290686539130386
256	0.146236278147491
257	0.119827027325465
258	0.216911245823958
259	0.287518505928411
260	0.371740134734982
261	0.702274449271489
262	-5
263	0.402803111559587
264	0.71010793381034
265	0.398649502289965
266	-5
267	0.0874371759726605
268	0.277383886724862
269	0.586458885001899
270	0.389234946253097
271	0.424017077719268
272	0.356981115514124
273	0.272348588328425
274	0.40678213284718
275	0.654435464976304
276	0.813576986605992
277	0.374760150665547
278	0.299867958908473
279	0.254545115982566
280	0.55905090744896
281	0.222482694192776
282	-5
283	0.296976177634889
284	0.446157691779031
285	0.649862118626646
286	0.471990815315374
287	0.658375436505661
288	-5
289	0.215013694538042
290	0.134792721983235
291	0.377000676375691
292	0.59494320290057
293	0.816722796255346
294	0.965615973743154
295	0.891291319027842
296	1.09835845261398
297	1.23730292020299
298	0.409105089835442
299	0.348583560945563
300	0.154638723180782
301	0.191576860021913
302	0.791000030926558
303	0.848356555926472
304	0.650076980080912
305	0.416322483526043
306	0.358725319944779
307	1.08806922758942
308	0.67811105874937
309	0.658895056558569
310	0.322210677881507
311	0.196248794026212
312	0.344942516632538
313	0.0217233551813364
314	0.0540198343088834
315	0.0309627751890531
316	0.0632951592633437
317	0.421819772132092
318	0.902845910921855
319	0.791930577637438
320	0.678765931682128
321	0.220041433572527
322	0.148042531172904
323	0.547620168371037
324	0.830695658469731
325	0.957242818134373
326	-5
327	0.188311218815156
328	0.473734325757526
329	0.551229793355651
330	0.570090374729908
331	0.491255436437152
332	0.49181028053342
333	0.579701738421025
334	0.74174103984636
335	0.810618335262513
336	0.519285108668726
337	0.618859840953264
338	0.216515940186856
339	0.189645829959321
340	0.65010527827424
341	0.74236760922491
342	0.724067643066636
343	0.211811335117626
344	0.273619825381874
345	0.472689650102681
346	-5
347	0.347820699722803
348	0.468260588708596
349	-5
350	0.625718667467548
351	0.499604333544463
352	0.887436446473671
353	-5
354	0.0518137876255369
355	0.111189578825106
356	-5
357	0.269534282503745
358	0.148072888422907
359	0.0718155087752795
360	0.125058079804724
361	0.338867333557715
362	0.146289870573501
363	0.252320831045608
364	0.445607890950528
365	0.32913611109918
366	0.819054628081686
367	0.214079859460647
368	0.13645170979465
369	0.49813053947498
370	0.927579838428624
371	0.982754653404969
372	0.153480056454273
373	0.15917364889327
374	0.45575253308704
375	-5
376	0.304886948466208
377	0.262837833050512
378	0.0923611233946292
379	0.154000533425776
380	0.268517803539396
381	0.36185644355798
382	0.11766617692072
383	0.146970745711178
384	-5
385	0.287346233503118
386	0.665940326742172
387	-5
388	-5
389	0.904658542959573
390	0.760699993982009
391	0.660075214303247
392	0.699608060330016
393	0.413521905007604
394	0.277180642389392
395	0.253634511562547
396	0.165015819911742
397	0.491932014388026
398	0.307503827048023
399	0.896499533361785
400	0.971591903259905
401	0.940125425849486
402	0.67203744165206
403	0.495308302995931
404	0.257914127201966
405	0.119919031162878
406	0.329565708353231
407	0.397800905055396
408	1.10672562926295
409	0.726421264872628
410	0.470516858077794
411	0.226224893403116
412	0.425215348500859
413	0.720810787282343
414	0.429005518345039
415	0.212915068895496
416	0.297432827459213
417	0.346775058374788
418	0.343101192584451
419	0.300338379371202
420	0.369004167807427
421	0.529352993746704
422	0.273388231603432
423	0.549859634953934
424	0.115068451982973
425	0.0844307295365141
426	0.0954335530904096
427	0.0217809426971683
428	0.0673032072859953
429	0.784303945788288
430	0.344535639905256
431	0.2752581360353
432	0.1782192016138
433	0.339969050700986
434	0.549051338439941
435	0.729850975668875
436	0.582096520827519
437	0.31544627817572
438	0.0523723239210583
439	0.216938572878972
440	0.268143321506305
441	0.650837831887086
442	0.426275586063986
443	-5
444	0.33403683247238
445	0.392330683610501
446	0.0972232775910315
447	0.320010493264031
448	0.807707345962858
449	0.869398270718912
450	0.935520993426541
451	0.45301438541805
452	0.122571689585126
453	0.102702069922599
454	0.626644359487438
455	0.788744498705978
456	0.827969109003242
457	0.598579683817535
458	0.870234017396242
459	0.737575904312575
460	0.113635067863568
