1	0.433358803624059
2	0.681682442652861
3	0.318191830274299
4	0.316233801674802
5	0.106609735368877
6	0.0973517395168961
7	0.237683620004054
8	0.295461545059023
9	0.233156470753349
10	0.319491984655449
11	0.458050041324247
12	0.405641344519469
13	0.171006362374663
14	0.425160228920735
15	0.372583896018838
16	0.307138568777582
17	0.368251672462457
18	0.439569136245263
19	0.541843153460979
20	0.122831161768717
21	0.541262778363164
22	-5
23	0.291629770537346
24	0.329486826463625
25	-5
26	0.666926280110246
27	0.538608225510045
28	0.340995348932296
29	0.04762170255882
30	0.110028250566594
31	0.101185874084389
32	0.0777835797306995
33	0.27394642111918
34	0.464424228336727
35	0.257518991983761
36	0.43176407984503
37	0.837860143956243
38	0.181312226046709
39	0.58149524459703
40	-5
41	0.782093334775759
42	0.775852671052368
43	0.777316514012834
44	-5
45	0.514181459123891
46	0.710177153877711
47	0.465662675719805
48	0.268899040076381
49	0.173162100810217
50	0.51681019770446
51	0.177949693529287
52	0.257458216769369
53	0.102174369951765
54	-0.00312729628907282
55	0.332857681164241
56	0.385161930051856
57	0.324386990453382
58	0.266901747463405
59	0.275380405226576
60	0.166977920012699
61	0.23883071525737
62	0.210299492735365
63	0.124306435368763
64	0.124693058126976
65	0.171778741582801
66	0.192335815249304
67	0.22583682552386
68	0.0924801459905805
69	0.163411343788131
70	0.367673724466897
71	0.102836000544167
72	0.0584772042376434
73	-0.0454831723787463
74	0.0326239569031278
75	-5
76	0.0522962912808197
77	0.448117492100256
78	0.167824663926562
79	0.353852881129856
80	0.362846310415129
81	0.517171308404735
82	0.297185451051164
83	-5
84	0.165739317294075
85	0.377477318089756
86	0.356872193401066
87	-5
88	0.308001952502029
89	0.334973531361211
90	0.429842118647874
91	0.373940156165165
92	0.343076328847929
93	-5
94	0.254915005100456
95	0.560202502766578
96	0.0717691791604589
97	0.338188875832089
98	0.542091885459002
99	-5
100	0.409948227140435
101	-5
102	0.201400190658787
103	-5
104	0.427989293500439
105	0.328844145711032
106	-5
107	0.0586644371007243
108	0.165386122976718
109	-5
110	0.119496654685971
111	0.198953816103694
112	-5
113	-5
114	0.010793907908155
115	0.378727175761743
116	-5
117	0.352647863346912
118	0.265590553646252
119	0.439619757086575
120	-5
121	0.4507879089912
122	0.11256511018858
123	0.0486840512393921
124	0.262326863014819
125	0.386984549518309
126	0.494353152314747
127	0.504373197254308
128	0.565681517384736
129	0.382363968873892
130	0.214823359286001
131	0.581818798575731
132	0.497672351988301
133	0.510902692657328
134	0.157699263267816
135	0.543620966614698
136	-5
137	0.972814145652264
138	0.384076364322478
139	0.751608918004708
140	0.590020852593925
141	0.50837266528423
142	0.644125301683642
143	0.320180115245616
144	0.167038087415846
145	0.120044807118474
146	-0.01973185257439
147	-0.0132374605299259
148	0.0656471534420864
149	-5
150	-5
151	0.286542471853523
152	0.406830574453169
153	0.963600562446518
154	1.31715674192585
155	1.27299193808824
156	0.300101986919882
157	0.0028441914020042
158	0.37132043552804
159	0.652439589592078
160	-5
161	0.743352057014443
162	0.632068793552632
163	-5
164	0.722693796116264
165	0.548070636817514
166	0.737873481869669
167	0.714195131654132
168	-0.0243644024608207
169	0.0476691354896398
170	0.249165301389998
171	0.0682632218957298
172	0.113592386802893
173	0.234511321637428
174	0.443546109116807
175	0.643289938874476
176	0.823397863656466
177	0.70816488387595
178	0.273960920443865
179	0.405671972123001
180	0.527792964249087
181	0.459976758078685
182	0.273568138077058
183	0.0412045916953308
184	0.0694487107194695
185	0.187231697922117
186	0.217129637074228
187	0.116310959196535
188	0.219567239441258
189	0.0982031197111265
190	0.159006719489787
191	-0.000787297022378652
192	-0.0803763032789997
193	0.00236152895048458
194	0.309261715227842
195	-5
196	0.0714633960382159
197	0.1649256418177
198	0.0181413745097799
199	-5
200	0.100974483070724
201	0.0506194949065314
202	-0.103705902561566
203	-0.110863560020866
204	-5
205	0.0312023972768799
206	0.363862879859093
207	-5
208	0.493449676235281
209	0.563142182916301
210	0.462678805854189
211	-5
212	0.314080541194908
213	0.308508033263838
214	0.0171036251651951
215	0.0700675465702366
216	0.0561588231714597
217	-5
218	0.23337691070479
219	0.573800589348465
220	0.486518348182083
221	0.315354070218892
222	0.365884890167805
223	0.553956927137822
224	0.450970701493072
225	-5
226	0.0964631292208973
227	0.525829170688134
228	0.413278869485455
229	-5
230	0.138747769472839
231	0.164453922923135
232	-5
233	0.471394321190244
234	0.406651665397724
235	-5
236	0.183924326989008
237	-5
238	-5
239	-5
240	0.576150403321228
241	0.674154341676371
242	-5
243	-5
244	-5
245	0.473375437651056
246	0.653856099078819
247	-5
248	0.375424416866511
249	0.236878389304285
250	-5
251	0.128050668160798
252	0.184039639478926
253	-0.0120558798291893
254	-0.0614040546041049
255	-0.0844993127164649
256	-0.0103899206021552
257	0.403185421527778
258	-0.263390464946892
259	-0.0129549181317987
260	0.00480615567302614
261	0.151172917506729
262	0.0440843093159161
263	0.188434294487568
264	0.133418578994949
265	0.145656195019883
266	0.523325205249253
267	-5
268	-5
269	0.269573448754072
270	0.0186623208101098
271	0.0449593694332434
272	0.103488614926803
273	0.109027743850598
274	-0.269717405146926
275	-0.114328168809104
276	0.179918043092827
277	-5
278	0.21107338079347
279	0.108934935975563
280	0.2627176861309
281	0.0588507340098161
282	-5
283	0.0611806431984058
284	0.0933310425506718
285	0.0429882717699381
286	0.61998990550364
287	0.422280080091521
288	0.202793355069659
289	0.374676357777677
290	-5
291	0.148348408174497
292	0.195670635417134
293	-5
294	0.644443211409817
295	0.74513387894767
296	0.562242087417454
297	0.633252813141951
298	0.690731127520973
299	1.14015771295462
300	0.181960864968268
301	0.0398310627464656
302	0.0239377400680541
303	0.0558102252664413
304	0.250813074220235
305	0.470445698524782
306	0.519539735471644
307	0.204285151583535
308	0.175373498692061
309	0.600492452639628
310	0.426600223990155
311	0.15778429344053
312	0.166474967514788
313	0.0678698886399613
314	0.0232931639514005
315	-0.0353188767428092
316	-0.0205788525519396
317	-0.284728381963263
318	-5
319	-0.0475961955338979
320	-5
321	0.0492550749987304
322	0.454157596850857
323	-5
324	-5
325	0.249237203291976
326	0.363299251200556
327	0.576593265162077
328	-5
329	-5
330	0.330763063933975
331	0.328681257090666
332	0.605584805101254
333	0.686214246085715
334	0.422176482053772
335	-5
336	0.816447565919912
337	1.13340101687193
338	0.492765495920102
339	0.802851388333177
340	0.0677787568488963
341	0.00919861842724704
342	0.459766505351061
343	0.421729046731395
344	0.29315028914917
345	0.208857445783947
346	0.135818181543143
347	0.136628451812736
348	-5
349	0.427514924767812
350	0.426309646381651
351	-5
352	0.719841475668763
353	0.282887682741397
354	0.783204152789735
355	-5
356	0.225499314729096
357	0.587078422766552
358	-5
359	0.150463415658825
360	0.161006655019091
361	-0.00130125344819468
362	0.0102005764123519
363	0.473477877196524
364	0.1795046542748
365	0.176620318511373
366	0.127634599788877
367	-5
368	0.566081081817805
369	0.314553151343998
370	0.0883887006245252
371	0.277228901505324
372	0.401370141021267
373	-5
374	-5
375	0.261718852298556
376	0.361183293974644
377	-5
378	0.286396954339773
379	0.227337921777289
380	0.00104928672218425
381	0.239646889349995
382	0.26603911561728
383	0.400025874768112
384	0.0620615874102863
385	0.0452268358989568
386	-5
387	-0.0105730458793998
388	-5
389	-5
390	0.187405949880033
391	0.433231683697329
392	0.261186550328593
393	0.551747103561274
394	0.337570719529699
395	0.37997732469191
396	-5
397	0.220571966778014
398	-0.0484532667278375
399	0.00646423343152017
400	-5
401	-5
402	0.520250701686437
403	-5
404	0.607232845294471
405	0.659119372894906
406	0.0869548136711991
407	0.208619741186983
408	-5
409	0.256220316748999
410	0.503616835986181
411	0.448706284669914
412	0.311309844344914
413	0.0177631963673218
414	-0.0302794323520882
415	0.073324755072349
416	0.224892619018822
417	0.317520916819346
418	0.218126738923733
419	0.348845669091393
420	0.0851748647013006
421	0.0997807011903483
422	0.242196730155163
423	-5
424	0.15066403187358
425	0.288656907946685
426	0.0516328480214546
427	0.058708121482406
428	-0.00975612970045983
429	-0.00490690494775158
430	0.415346663654886
431	0.822574770197114
432	-5
433	0.350839109955683
434	0.146691231032133
435	-5
436	0.500982192533802
437	0.22079246482664
438	-0.133805170547979
439	-0.205105038581158
440	0.0217293344683639
441	-0.000343169753831273
442	0.173181937975318
443	0.229485725809728
444	0.135061258556082
445	-5
446	0.039561438501602
447	-0.0221451805563482
448	-0.020319878875797
449	0.140279527340915
450	0.518391688568592
451	0.632497604136808
452	0.548105571643217
453	0.406240139941712
454	0.273855146310697
455	0.429553055626775
456	-5
457	0.67733001652485
458	0.745693575200762
459	0.531927680602542
460	0.875422365008393
